function [k]=conduchidraulica
global elem

m=[12.52362154
10.61464828
7.581262005
7.793302065
12.10801651
15.56327393
13.50426297
11.14844825
9.562005907
8.051982972
7.878998037
8.623256563
8.666243036
9.212573866
10.92905598
10.66369938
9.224353681
10.6650516
14.33847151
14.33578475
11.10955546
8.898530399
7.891420396
7.936154005
9.289438579
10.65175857
10.21274971
9.38979083
9.959583817
11.4767131
12.676418
13.40577474
13.54044134
12.88943476
12.29273934
11.15546209
8.418394528
6.414569151
6.869115475
8.866996228
9.620681074
9.369389669
9.742697442
9.317545294
7.721130807
7.244885301
8.536448686
9.493836899
7.853733851
5.890534977
6.215089353
10.06049324
15.41645162
14.07077882
8.93412226
6.531868036
6.658135171
7.649730168
8.223803922
8.561738347
12.64144998
10.69612398
7.566970129
7.749117355
12.12037103
15.62166207
13.49861228
11.150514
9.584322413
8.039013449
7.845385668
8.591564136
8.622004841
9.209990475
11.07959846
10.86571652
9.313965302
10.70162408
14.42677518
14.4520763
11.15892647
8.875176267
7.828367641
7.89847045
9.346044133
10.7979084
10.33651303
9.445433269
9.96535289
11.45203904
12.67387097
13.50053501
13.72733249
13.0716671
12.42464574
11.22357705
8.397706518
6.352131497
6.829776437
8.898826509
9.658429436
9.348938522
9.713125677
9.332509993
7.76270013
7.289984591
8.576202288
9.506359221
7.835938365
5.874935844
6.243122507
10.22536657
15.73324179
14.22938
8.928672549
6.504777957
6.644083684
7.631799537
8.182742601
8.517043259
12.75706429
10.78132371
7.558836499
7.708059518
12.12386846
15.65808791
13.47681108
11.14821609
9.610367052
8.031467396
7.81598463
8.562101622
8.578499648
9.208420762
11.23840016
11.08367034
9.413477196
10.73768722
14.5020708
14.55840741
11.20733648
8.852274345
7.765682789
7.863190118
9.408793887
10.95321933
10.46850677
9.506255986
9.970102089
11.41739829
12.65679121
13.58443852
13.91095438
13.25338857
12.55435524
11.28950515
8.378290692
6.293495967
6.794270575
8.934215943
9.698114062
9.326312304
9.678465556
9.347855327
7.813891588
7.347336271
8.623719418
9.520079284
7.82154466
5.867311078
6.281772525
10.40193225
16.05150841
14.38087612
8.925226864
6.485244409
6.637743948
7.617651736
8.141606001
8.471400504
12.8697845
10.87015953
7.557153769
7.670397667
12.11834859
15.67184251
13.43879689
11.14170901
9.640454616
8.029712385
7.791144296
8.535213371
8.536022432
9.207875543
11.40518576
11.31779646
9.523116883
10.77319508
14.56363278
14.65403878
11.25471409
8.829920382
7.70351873
7.830462925
9.477756551
11.11753479
10.608545
9.572223361
9.973812946
11.3727269
12.62478193
13.65633434
14.08975396
13.43321121
12.68077252
11.35264039
8.360104247
6.238719595
6.762548212
8.972927106
9.739515177
9.301391912
9.638481334
9.363309439
7.874956688
7.417464312
8.679279634
9.535003875
7.810580966
5.867696597
6.331114561
10.58986166
16.3692519
14.52399093
8.923896886
6.473559842
6.639323282
7.607258262
8.100317232
8.424807941
12.97891279
10.96251261
7.562195836
7.6363913
12.10375171
15.66250085
13.38471716
11.13121362
9.67490774
8.034110446
7.771208015
8.511248691
8.494876065
9.208354832
11.57957738
11.56821767
9.643064233
10.8081162
14.61087666
14.73833319
11.30100947
8.808213451
7.642028442
7.800427748
9.552962863
11.29060328
10.75635149
9.643259362
9.976483545
11.31807727
12.57761356
13.71513862
14.26209106
13.60963004
12.80273928
11.41235749
8.343087506
6.187830785
6.73452125
9.014667055
9.78238017
9.274070984
9.592973517
9.378578349
7.946110702
7.500881413
8.743139026
9.551138371
7.803052498
5.876085831
6.391162341
10.78866892
16.68428284
14.65745865
8.924789482
6.469997877
6.648999471
7.600553748
8.058786731
8.377264054
13.08373953
11.05823138
7.574216585
7.606289122
12.08012263
15.62993835
13.31493151
11.11701635
9.714055669
8.045017263
7.756512001
8.490559779
8.455369043
9.209847263
11.76108634
11.83492505
9.773445298
10.84243492
14.64337335
14.81076852
11.34619597
8.787256105
7.581364865
7.773212144
9.634402602
11.47206946
10.91155235
9.719245604
9.978130024
11.25362159
12.5152344
13.75985625
14.42625517
13.78103348
12.91904497
11.46801847
8.327164615
6.140829853
6.710063192
9.059086176
9.826424289
9.244258695
9.541784517
9.393349062
8.027528902
7.598086055
8.81552753
9.568487638
7.798941974
5.89242789
6.461860396
10.99769481
16.99423529
14.78004316
8.928006441
6.474813464
6.666919569
7.597435427
8.016913748
8.328768826
13.18354975
11.1571299
7.593448598
7.58032799
12.04761266
15.57434021
13.23000894
11.09946736
9.758232909
8.062781425
7.747384318
8.473499609
8.417813124
9.212329622
11.94910543
12.11775765
9.914325734
10.87615235
14.66086039
14.87094869
11.39027144
8.767154539
7.521680872
7.748932235
9.722021648
11.66146554
11.07366906
9.800019699
9.978787903
11.17965297
12.43777773
13.78960222
14.58048594
13.9457176
13.02843991
11.51898013
8.312244514
6.097689776
6.689009471
9.105777688
9.871331847
9.211882528
9.484803967
9.407293317
8.119342347
7.709558516
8.896645994
9.587057004
7.79821042
5.916625428
6.543075235
11.21609147
17.29658605
14.89055807
8.933644281
6.488242913
6.693198467
7.597762916
7.974588176
8.279324735
13.27763029
11.2589863
7.620101772
7.558731959
12.00647966
15.49620297
13.13072009
11.07897742
9.807777757
8.087743689
7.744143928
8.460419809
8.38252091
9.215766484
12.14290219
12.41638126
10.06570387
10.90928725
14.66324978
14.91861229
11.43325904
8.7480188
7.463129325
7.727692736
9.815719147
11.85820323
11.24211226
9.885373941
9.978513204
11.096584
12.34556486
13.803622
14.72299712
14.10190428
13.12965064
11.56460224
8.298222177
6.058357145
6.671158127
9.154277921
9.91675798
9.176890956
9.421973536
9.420071962
8.221633239
7.835755676
8.986662957
9.606853291
7.800798288
5.948532233
6.634585603
11.44280855
17.58868012
14.98788723
8.941794129
6.510503737
6.727917177
7.601358378
7.931692706
8.228937839
13.36527728
11.36354159
7.654361814
7.541711425
11.95708596
15.39632825
13.01802476
11.05601388
9.863030698
8.120236231
7.747099799
8.451668502
8.349803385
9.220109977
12.34161338
12.73026661
10.2275035
10.9418766
14.6506322
14.95363841
11.47520782
8.729962996
7.405863212
7.709587131
9.915344846
12.06156643
11.41617649
9.975054411
9.977383329
11.00494298
12.23910393
13.80131027
14.85200374
14.24776344
13.22139748
11.60425642
8.284980114
6.022753302
6.65627085
9.204067471
9.962330968
9.139255954
9.353291117
9.431339907
8.334429862
7.977104492
9.085711133
9.627885891
7.806626895
5.987950622
6.73607204
11.67658152
17.86776247
15.07100525
8.952541651
6.541794238
6.77112083
7.608007097
7.888105291
8.177618947
13.4458039
11.47049865
7.696388587
7.52946235
11.89989419
15.27580875
12.89305512
11.03109564
9.92433266
8.160581847
7.756550022
8.447588135
8.319967448
9.225299676
12.54424119
13.05866762
10.39956661
10.97397594
14.62327718
14.97604962
11.51619268
8.713105525
7.350035858
7.694697987
10.02069665
12.27070528
11.59503628
10.06876057
9.975497672
10.90536772
12.11908455
13.78222748
14.96575222
14.38143904
13.30241401
11.63733554
8.272390122
5.990775656
6.644074428
9.254573359
10.00765514
9.098975301
9.278814222
9.440751631
8.457701176
8.133994001
9.193883564
9.650167849
7.815600155
6.034628758
6.847106048
11.91592319
18.13101594
15.13899732
8.965967038
6.582292789
6.822816374
7.617458515
7.843701893
8.125384843
13.51854845
11.57952161
7.746314271
7.522165552
11.83546133
15.13600702
12.75709518
11.00478726
9.992023115
8.209093058
7.772780917
8.448513286
8.293313432
9.231262639
12.74965153
13.40060042
10.58164598
11.00565949
14.58162949
14.98601183
11.55631399
8.697569306
7.295801194
7.683097391
10.13151849
12.48463171
11.77774391
10.16614538
9.972977932
10.79859714
11.98636824
13.7461134
15.06255253
14.50107869
13.37146813
11.66326335
8.260315257
5.962299168
6.634262652
9.305172277
10.05231435
9.056074583
9.198662474
9.447967139
8.591351151
8.306765776
9.311229466
9.673716942
7.827606635
6.088258039
6.967139293
12.15911948
18.37560492
15.19107791
8.982145041
6.632156775
6.882969985
7.629427765
7.798359474
8.072259559
13.58288231
11.69023564
7.804241318
7.519986043
11.76443093
14.97852794
12.61155743
