function [randcoord] = getrandist

        randcoord = ...
            [0.060180000000000   0.039620000000000;
            0.337450000000000   0.025730000000000;
            0.295320000000000   0.096820000000000;
            0.513380000000000   0.039440000000000;
            0.982290000000000   0.005730000000000;
            0.014670000000000   0.226090000000000;
            0.138620000000000   0.239620000000000;
            0.005170000000000   0.468580000000000;
            0.138440000000000   0.506530000000000;
            0.016050000000000   0.509130000000000;
            0.279250000000000   0.426090000000000;
            0.279430000000000   0.303350000000000;
            0.573750000000000   0.155830000000000;
            0.477270000000000   0.354460000000000;
            0.466900000000000   0.331950000000000;
            0.562870000000000   0.238620000000000;
            0.581900000000000   0.218400000000000;
            0.091960000000000   0.862580000000000;
            0.887500000000000   0.722770000000000;
            0.498670000000000   0.678290000000000;
            0.670250000000000   0.926130000000000;
            0.512560000000000   0.928210000000000;
            0.810060000000000   0.927240000000000;
            0.971930000000000   0.936480000000000;
            0.996670000000000   0.968610000000000;
            0.451010000000000   0.818270000000000;
            0.724800000000000   0.540370000000000;
            0.733800000000000   0.586140000000000;
            0.756040000000000   0.513060000000000;
            0.950220000000000   0.405030000000000;
            0.892670000000000   0.426740000000000;
            0.922850000000000   0.387290000000000;
            0.928420000000000   0.441850000000000;
            0.887500000000000   0.246440000000000;
            0.889500000000000   0.201670000000000;
            0.339800000000000   0.652870000000000;
            0.330120000000000   0.729340000000000;
            0.273070000000000   0.722770000000000;
            0.657540000000000   0.478110000000000;
            0.609880000000000   0.582960000000000];

        %randcoord = ...
        %    [0.814723686393179   0.438744359656398;
        %    0.905791937075619   0.381558457093008;
        %    0.126986816293506   0.765516788149002;
        %    0.913375856139019   0.795199901137063;
        %    0.632359246225410   0.186872604554379;
        %    0.097540404999410   0.489764395788231;
        %    0.278498218867048   0.445586200710899;
        %    0.546881519204984   0.646313010111265;
        %    0.957506835434298   0.709364830858073;
        %    0.964888535199277   0.754686681982361;
        %    0.157613081677548   0.276025076998578;
        %    0.970592781760616   0.679702676853675;
        %    0.957166948242946   0.655098003973841;
        %    0.485375648722841   0.162611735194631;
        %    0.800280468888800   0.118997681558377;
        %    0.141886338627215   0.498364051982143;
        %    0.421761282626275   0.959743958516081;
        %    0.915735525189067   0.340385726666133;
        %    0.792207329559554   0.585267750979777;
        %    0.959492426392903   0.223811939491137;
        %    0.655740699156587   0.751267059305653;
        %    0.035711678574190   0.255095115459269;
        %    0.849129305868777   0.505957051665142;
        %    0.933993247757551   0.699076722656686;
        %    0.678735154857773   0.890903252535799;
        %    0.757740130578333   0.959291425205444;
        %    0.743132468124916   0.547215529963803;
        %    0.392227019534168   0.138624442828679;
        %    0.655477890177557   0.149294005559057;
        %    0.171186687811562   0.257508254123736;
        %    0.706046088019609   0.840717255983663;
        %    0.031832846377421   0.254282178971531;
        %    0.276922984960890   0.814284826068816;
        %    0.046171390631154   0.243524968724989;
        %    0.097131781235848   0.929263623187228;
        %    0.823457828327293   0.349983765984809;
        %    0.694828622975817   0.196595250431208;
        %    0.317099480060861   0.251083857976031;
        %    0.950222048838355   0.616044676146639;
        %    0.034446080502909   0.473288848902729];

        %    [0.746313427703679   0.740032327987778;
        %    0.301306064586392   0.984941675440814;
        %    0.295533834475356   0.961861425281637;
        %    0.446026648055103   0.953754392208714;
        %    0.897191350973572   0.446026648055103;
        %    0.905153559004464   0.425808857855598;
        %    0.011452812787045   0.454099949273443;
        %    0.054239484441130   0.441722057064424;
        %    0.146734525985975   0.452998155340816;
        %    0.967068187028852   0.497211350337855;
        %    0.828313062314188   0.968243971887764;
        %    0.010336618343396   0.234826914747904;
        %    0.048447339253222   0.734957541696052;
        %    0.667916121573624   0.970598525086614;
        %    0.603467983830769   0.866930291751916;
        %    0.526102465795561   0.146234529863496;
        %    0.729709448223228   0.366436616319199;
        %    0.707253485315422   0.369198804330018;
        %    0.781377051799277   0.685028472661609;
        %    0.287976975614171   0.597941635383889;
        %    0.692531986386519   0.789363943641905;
        %    0.556669834964013   0.367652918437877;
        %    0.396520792581593   0.206027859505195;
        %    0.061590667053965   0.026666547395532;
        %    0.780175531491174   0.771933917099107;
        %    0.337583864052045   0.205674521464760;
        %    0.295533834475356   0.561861425281637;
        %    0.332936281836175   0.184194097515527;
        %    0.467068187028852   0.597211350337855;
        %    0.648198406466157   0.299936990089789;
        %    0.025228181493036   0.134122932828682;
        %    0.607865907262946   0.388271631047802;
        %    0.031991015762567   0.860440563038232;
        %    0.614713419117141   0.934405118961213;
        %    0.362411462273053   0.984398312240972;
        %    0.049532579042061   0.858938816683866;
        %    0.489569989177322   0.785558989265031;
        %    0.741254049502218   0.551778531957227;
        %    0.104813241973500   0.228953252023100;
        %    0.127888379782995   0.641940620399187;
        %    0.549540107015198   0.484480372398180;
        %    0.485229408584959   0.151845525116267;
        %    0.890475679184438   0.781931966588002;
        %    0.798960278812879   0.100606322362422;
        %    0.734341083695970   0.294066333758628;
        %    0.051331886112371   0.237373019705579;
        %    0.072885299098976   0.530872257027928;
        %    0.088527459674720   0.091498731339412;
        %    0.798350864113952   0.405315419880591;
        %    0.943008139570703   0.104846247115757;
        %    0.683715572408358   0.112283962156027;
        %    0.132082955713563   0.784427890743913;
        %    0.722724539656766   0.291570317906931;
        %    0.110353480642349   0.603533438750887;
        %    0.117492852151833   0.964422667215901;
        %    0.640717922965926   0.432484993970361;
        %    0.328814214756803   0.694752194617940;
        %    0.653812022595774   0.758099275289454;
        %    0.749131463103519   0.432642326147101;
        %    0.583185731454876   0.655498039803537];
